2.942740917205810547e+02
8.214740753173828125e+02
1.900315284729003906e+01
4.343923091888427734e+03
1.531104087829589844e+03
1.596920490264892578e+02
2.912473678588867188e+01
2.558398246765136719e+01
4.319119453430175781e+01
1.545786857604980469e+01
3.509712219238281250e+01
2.732706069946289062e+01
2.394485473632812500e+01
1.083326339721679688e+01
1.809597015380859375e+01
1.073626041412353516e+03
1.079196929931640625e+02
3.756403923034667969e+01
1.916885375976562500e+01
6.881213188171386719e+01
3.497791290283203125e+01
6.186008453369140625e+00
1.398873329162597656e+01
1.462898254394531250e+02
1.730167150497436523e+03
5.321478843688964844e+01
4.943704605102539062e+01
1.306318044662475586e+03
1.756596565246582031e+01
1.154875755310058594e+01
1.768994331359863281e+01
1.544904708862304688e+01
2.159094810485839844e+01
8.888006210327148438e+00
8.344888687133789062e+00
2.267217636108398438e+01
6.541967391967773438e+00
1.806116104125976562e+01
4.845969676971435547e+02
4.613900184631347656e+01
1.271986961364746094e+01
1.145410537719726562e+01
1.703810691833496094e+01
1.322863101959228516e+03
2.131402969360351562e+03
2.574970722198486328e+02
3.770980119705200195e+03
1.632618904113769531e+01
1.084494590759277344e+01
7.479906082153320312e+00
8.042097091674804688e+00
1.026201248168945312e+01
7.962799072265625000e+01
1.084804534912109375e+01
8.592844009399414062e+00
5.929946899414062500e+00
6.251096725463867188e+00
7.230997085571289062e+00
1.263165473937988281e+01
1.113700866699218750e+01
7.281401157379150391e+02
1.111629009246826172e+02
4.187297821044921875e+01
1.226305961608886719e+01
1.098299026489257812e+01
8.208990097045898438e+00
8.871316909790039062e+00
1.606988906860351562e+01
5.955934524536132812e+00
4.474496841430664062e+01
9.429931640625000000e+00
1.460003852844238281e+01
5.848169326782226562e+00
3.105092048645019531e+01
5.745887756347656250e+00
2.376794815063476562e+01
1.108098030090332031e+01
9.499073028564453125e+00
1.464486122131347656e+01
6.855964660644531250e+00
2.238678932189941406e+01
8.656024932861328125e+00
7.853746414184570312e+00
7.158041000366210938e+00
1.061081886291503906e+01
1.194787025451660156e+01
7.989168167114257812e+00
1.229095458984375000e+01
9.417772293090820312e+00
2.199411392211914062e+01
8.062124252319335938e+00
1.876878738403320312e+01
1.244783401489257812e+01
1.662421226501464844e+01
1.215791702270507812e+01
8.280992507934570312e+00
3.756594657897949219e+01
7.204723358154296875e+01
7.529973983764648438e+00
1.046919822692871094e+01
5.419015884399414062e+00
1.369500160217285156e+01
4.539012908935546875e+00
4.900217056274414062e+00
1.473689079284667969e+01
6.545305252075195312e+00
5.837202072143554688e+00
4.734992980957031250e+00
1.977014541625976562e+01
2.677607536315917969e+01
7.088899612426757812e+00
1.099205017089843750e+01
2.155780792236328125e+01
1.397800445556640625e+01
6.007671356201171875e+00
8.925914764404296875e+00
1.651597023010253906e+01
6.014108657836914062e+00
8.733987808227539062e+00
1.528310775756835938e+01
1.581478118896484375e+01
5.776166915893554688e+00
3.733086585998535156e+01
1.534581184387207031e+01
6.537914276123046875e+00
1.267600059509277344e+01
1.133799552917480469e+01
1.281809806823730469e+01
5.975008010864257812e+00
7.575035095214843750e+00
1.394796371459960938e+01
8.749008178710937500e+00
1.413106918334960938e+01
1.502609252929687500e+01
6.991147994995117188e+00
2.292013168334960938e+01
1.443481445312500000e+01
1.120114326477050781e+01
1.146078109741210938e+01
4.804849624633789062e+00
5.207061767578125000e+00
1.815295219421386719e+01
5.025863647460937500e+00
4.968166351318359375e+00
9.786128997802734375e+00
1.453185081481933594e+01
3.203606605529785156e+01
1.283979415893554688e+01
8.516073226928710938e+00
1.494717597961425781e+01
2.035570144653320312e+01
5.589962005615234375e+00
9.394884109497070312e+00
1.292109489440917969e+01
1.227903366088867188e+01
8.071184158325195312e+00
9.245157241821289062e+00
6.998062133789062500e+00
1.792526245117187500e+01
6.407022476196289062e+00
4.517507553100585938e+01
3.007102012634277344e+01
1.659917831420898438e+01
1.281619071960449219e+01
1.055693626403808594e+01
1.568317413330078125e+01
1.802277565002441406e+01
1.861333847045898438e+01
7.541179656982421875e+00
5.035877227783203125e+00
1.253390312194824219e+01
9.484767913818359375e+00
1.601600646972656250e+01
1.114606857299804688e+01
1.625204086303710938e+01
1.621913909912109375e+01
7.628917694091796875e+00
6.613969802856445312e+00
1.013398170471191406e+01
6.425857543945312500e+00
1.431703567504882812e+01
1.574301719665527344e+01
8.872032165527343750e+00
1.405906677246093750e+01
2.584600448608398438e+01
1.798892021179199219e+01
1.764392852783203125e+01
1.218509674072265625e+01
6.239175796508789062e+00
1.259589195251464844e+01
1.702618598937988281e+01
1.524090766906738281e+01
2.261471748352050781e+01
1.265709400177001953e+02
1.450586318969726562e+01
1.703786849975585938e+01
3.720498085021972656e+01
3.033995628356933594e+01
1.308488845825195312e+01
9.436130523681640625e+00
2.249431610107421875e+01
8.113145828247070312e+00
1.197004318237304688e+01
1.451683044433593750e+01
6.438994407653808594e+01
1.305389404296875000e+01
1.810407638549804688e+01
8.016109466552734375e+00
2.232027053833007812e+01
1.054525375366210938e+01
5.153012275695800781e+01
3.292012214660644531e+01
2.806401252746582031e+01
8.858919143676757812e+00
2.306008338928222656e+01
7.005929946899414062e+00
9.427070617675781250e+00
6.848096847534179688e+00
3.630614280700683594e+01
1.479816436767578125e+01
1.931190490722656250e+01
4.830622673034667969e+01
7.828950881958007812e+00
1.096510887145996094e+01
8.538007736206054688e+00
1.185202598571777344e+01
1.098203659057617188e+01
7.808208465576171875e+01
1.941394805908203125e+01
1.100897789001464844e+01
1.284289360046386719e+01
3.132700920104980469e+01
4.941225051879882812e+00
9.076356887817382812e+00
3.416609764099121094e+01
9.587287902832031250e+00
2.237987518310546875e+01
2.100229263305664062e+01
6.548881530761718750e+00
1.387596130371093750e+01
4.696846008300781250e+00
9.064912796020507812e+00
8.889913558959960938e+00
6.559848785400390625e+00
5.742073059082031250e+00
7.728099822998046875e+00
9.082078933715820312e+00
7.215023040771484375e+00
2.948594093322753906e+01
9.966135025024414062e+00
7.361888885498046875e+00
8.937835693359375000e+00
7.225990295410156250e+00
7.882833480834960938e+00
5.987167358398437500e+00
1.047110557556152344e+01
1.046514511108398438e+01
6.118059158325195312e+00
1.736807823181152344e+01
7.566213607788085938e+00
1.792001724243164062e+01
1.394605636596679688e+01
1.212000846862792969e+01
8.536815643310546875e+00
1.074504852294921875e+01
1.112985610961914062e+01
3.937625885009765625e+01
7.052183151245117188e+00
6.480932235717773438e+00
1.432895660400390625e+01
8.062124252319335938e+00
5.628824234008789062e+00
2.935814857482910156e+01
1.198697090148925781e+01
1.374888420104980469e+01
1.832008361816406250e+01
1.008486747741699219e+01
5.390882492065429688e+00
1.196289062500000000e+01
1.311516761779785156e+01
8.493900299072265625e+00
2.748107910156250000e+01
1.112008094787597656e+01
9.032011032104492188e+00
1.549696922302246094e+01
8.116960525512695312e+00
7.107019424438476562e+00
4.420995712280273438e+00
2.698588371276855469e+01
8.313894271850585938e+00
8.549928665161132812e+00
4.665136337280273438e+00
1.273679733276367188e+01
6.504058837890625000e+00
4.811716079711914062e+01
6.946802139282226562e+00
4.718780517578125000e+00
1.702117919921875000e+01
9.930849075317382812e+00
1.351404190063476562e+01
2.531099319458007812e+01
1.132011413574218750e+01
7.816076278686523438e+00
3.903388977050781250e+01
1.596999168395996094e+01
1.032798290252685547e+02
3.499102592468261719e+01
1.383519172668457031e+01
4.672503471374511719e+01
9.100914001464843750e+00
5.248069763183593750e+00
1.213693618774414062e+01
5.839896202087402344e+01
1.123785972595214844e+01
1.279306411743164062e+01
1.349401473999023438e+01
1.376914978027343750e+01
1.380109786987304688e+01
8.197784423828125000e+00
1.073002815246582031e+01
1.997089385986328125e+01
5.641937255859375000e+00
1.099824905395507812e+01
6.511688232421875000e+00
1.418614387512207031e+01
2.890491485595703125e+01
1.187801361083984375e+01
1.061105728149414062e+01
1.256108283996582031e+01
2.129507064819335938e+01
5.339145660400390625e+00
8.317947387695312500e+00
2.104091644287109375e+01
8.890867233276367188e+00
1.127028465270996094e+01
7.513999938964843750e+00
5.831003189086914062e+00
1.740026473999023438e+01
1.678800582885742188e+01
5.870819091796875000e+00
8.038043975830078125e+00
9.304046630859375000e+00
5.836009979248046875e+00
9.880781173706054688e+00
1.489090919494628906e+01
8.628129959106445312e+00
1.497483253479003906e+01
6.120920181274414062e+00
8.980989456176757812e+00
7.635116577148437500e+00
7.504940032958984375e+00
1.506781578063964844e+01
6.777048110961914062e+00
7.319927215576171875e+00
1.279306411743164062e+01
1.186013221740722656e+01
2.447700500488281250e+01
7.727861404418945312e+00
4.779815673828125000e+00
1.607275009155273438e+01
4.673957824707031250e+00
7.331848144531250000e+00
1.030421257019042969e+01
7.384777069091796875e+00
1.512789726257324219e+01
5.357027053833007812e+00
1.979279518127441406e+01
9.989023208618164062e+00
6.397008895874023438e+00
5.125284194946289062e+00
4.558086395263671875e+00
5.899190902709960938e+00
2.516317367553710938e+01
1.859688758850097656e+01
8.473873138427734375e+00
4.831075668334960938e+00
1.043009757995605469e+01
5.396366119384765625e+00
1.082587242126464844e+01
5.133867263793945312e+00
8.660078048706054688e+00
6.911993026733398438e+00
9.515047073364257812e+00
1.290535926818847656e+01
1.028394699096679688e+01
4.453182220458984375e+00
6.910800933837890625e+00
8.383989334106445312e+00
1.713109016418457031e+01
1.745200157165527344e+01
5.298137664794921875e+00
1.065087318420410156e+01
2.062702178955078125e+01
7.803916931152343750e+00
7.161140441894531250e+00
9.253978729248046875e+00
3.231215476989746094e+01
6.535768508911132812e+00
3.507685661315917969e+01
5.671024322509765625e+00
1.166987419128417969e+01
1.236200332641601562e+01
2.345108985900878906e+01
1.035976409912109375e+01
1.225304603576660156e+01
1.184678077697753906e+01
8.570909500122070312e+00
1.524090766906738281e+01
6.588935852050781250e+00
6.604194641113281250e+00
1.202511787414550781e+01
1.249289512634277344e+01
9.690046310424804688e+00
3.775787353515625000e+01
3.361082077026367188e+01
5.846023559570312500e+00
5.139112472534179688e+00
1.426410675048828125e+01
1.388382911682128906e+01
9.495019912719726562e+00
7.375240325927734375e+00
1.165890693664550781e+01
6.448984146118164062e+00
6.863307952880859375e+01
3.401398658752441406e+01
1.465296745300292969e+01
1.631999015808105469e+01
1.291084289550781250e+01
2.201604843139648438e+01
1.312601566314697266e+02
1.691069602966308594e+02
6.428956985473632812e+00
1.592612266540527344e+01
4.873991012573242188e+00
1.596413850784301758e+03
1.774406433105468750e+01
1.056122779846191406e+01
2.493286132812500000e+01
1.649618148803710938e+01
1.550817489624023438e+01
7.622957229614257812e+00
3.001213073730468750e+01
1.636099815368652344e+01
1.579594612121582031e+01
3.450393676757812500e+01
1.784276962280273438e+01
1.675415039062500000e+01
1.582121849060058594e+01
1.543402671813964844e+01
2.359604835510253906e+01
1.441717147827148438e+01
2.301001548767089844e+01
1.251316070556640625e+01
8.995056152343750000e+00
1.821303367614746094e+01
1.142024993896484375e+01
1.973605155944824219e+01
8.375883102416992188e+00
6.897211074829101562e+00
2.260923385620117188e+01
2.031111717224121094e+01
2.417612075805664062e+01
2.364015579223632812e+01
4.354000091552734375e+01
4.161119461059570312e+01
2.971386909484863281e+01
3.820610046386718750e+01
1.205645084381103516e+03
1.289319992065429688e+01
4.604196548461914062e+01
1.159620285034179688e+01
1.032185554504394531e+01
2.418780326843261719e+01
2.380418777465820312e+01
2.114200592041015625e+01
3.384613990783691406e+01
2.939414978027343750e+01
1.023197174072265625e+01
1.641178131103515625e+01
2.950215339660644531e+01
2.939987182617187500e+01
2.091002464294433594e+01
3.056812286376953125e+01
1.275846004486083984e+03
3.076231479644775391e+02
1.391088962554931641e+02
2.393817901611328125e+01
1.971793174743652344e+01
4.281616210937500000e+01
6.805229187011718750e+01
1.840090751647949219e+01
2.954912185668945312e+01
1.203339099884033203e+02
6.305789947509765625e+01
7.022142410278320312e+00
5.466938018798828125e+00
1.381134986877441406e+01
2.525615692138671875e+01
2.980113029479980469e+01
2.160692214965820312e+01
9.969234466552734375e+00
6.842851638793945312e+00
7.730007171630859375e+00
1.172232627868652344e+01
8.402109146118164062e+00
1.417207717895507812e+01
1.368117332458496094e+01
3.876018524169921875e+01
9.308099746704101562e+00
1.306891441345214844e+01
6.225585937500000000e+01
6.595134735107421875e+00
2.524590492248535156e+01
9.731054306030273438e+00
2.188897132873535156e+01
4.505395889282226562e+01
7.158756256103515625e+00
7.675170898437500000e+00
6.142091751098632812e+01
1.801514625549316406e+01
1.093888282775878906e+01
1.851177215576171875e+01
9.190797805786132812e+00
8.430004119873046875e+00
2.864694595336914062e+01
1.421380043029785156e+01
1.677584648132324219e+01
1.581072807312011719e+01
2.216577529907226562e+01
1.228809356689453125e+01
1.200985908508300781e+01
1.900696754455566406e+01
3.545403480529785156e+01
6.139492988586425781e+01
3.492808341979980469e+01
2.929041385650634766e+02
2.063679695129394531e+01
1.419401168823242188e+01
1.518225669860839844e+01
1.213407516479492188e+01
2.135205268859863281e+01
1.651978492736816406e+01
5.705595016479492188e+01
1.512312889099121094e+01
1.446986198425292969e+01
2.084374427795410156e+01
5.035400390625000000e+01
8.403062820434570312e+00
6.760311126708984375e+01
2.940609455108642578e+02
2.021002769470214844e+01
1.258580684661865234e+02
2.075910568237304688e+01
2.757406234741210938e+01
2.334117889404296875e+01
1.153421401977539062e+01
1.795816421508789062e+01
4.524707794189453125e+01
7.946968078613281250e+00
2.053713798522949219e+01
1.642227172851562500e+01
1.444315910339355469e+01
8.014202117919921875e+00
1.432414054870605469e+02
1.035919189453125000e+02
2.035284042358398438e+01
5.300045013427734375e+00
1.189303398132324219e+01
2.790808677673339844e+01
4.774808883666992188e+01
1.839628219604492188e+02
1.289391517639160156e+01
7.024765014648437500e+00
7.539987564086914062e+00
1.767492294311523438e+01
2.980995178222656250e+01
9.915828704833984375e+00
6.620883941650390625e+00
1.625108718872070312e+01
1.645517349243164062e+01
1.119303703308105469e+01
1.105165481567382812e+01
1.604580879211425781e+01
1.228880882263183594e+01
1.012396812438964844e+01
2.571201324462890625e+01
1.102209091186523438e+01
7.217884063720703125e+00
1.838397979736328125e+01
7.363796234130859375e+00
3.621006011962890625e+01
2.304792404174804688e+01
1.026201248168945312e+01
1.858496665954589844e+01
3.827691078186035156e+01
1.465821266174316406e+01
2.054405212402343750e+01
2.277088165283203125e+01
7.874250411987304688e+00
5.939006805419921875e+01
1.719880104064941406e+01
1.608967781066894531e+01
8.652710914611816406e+01
1.488423347473144531e+01
2.446174621582031250e+01
1.725697517395019531e+01
6.700038909912109375e+00
9.202241897583007812e+00
1.140189170837402344e+01
5.275011062622070312e+00
1.887702941894531250e+01
7.706165313720703125e+00
5.602836608886718750e+00
2.173900604248046875e+01
4.558277130126953125e+01
1.702094078063964844e+01
1.421403884887695312e+01
2.892494201660156250e+01
1.279711723327636719e+01
4.069709777832031250e+01
1.258397102355957031e+01
5.713939666748046875e+00
5.741834640502929688e+00
3.387689590454101562e+01
1.591682434082031250e+01
7.603883743286132812e+00
2.682876586914062500e+01
1.681590080261230469e+01
1.150798797607421875e+01
2.172899246215820312e+01
8.901834487915039062e+00
1.678299903869628906e+01
1.537299156188964844e+01
2.341699600219726562e+01
1.135683059692382812e+01
1.713991165161132812e+01
5.395174026489257812e+00
5.587816238403320312e+00
1.421785354614257812e+01
8.178949356079101562e+00
2.522397041320800781e+01
1.077818870544433594e+01
1.506471633911132812e+01
2.083420753479003906e+01
1.398181915283203125e+01
4.068684577941894531e+01
8.044004440307617188e+00
1.033997535705566406e+01
2.673101425170898438e+01
1.667523384094238281e+01
7.249116897583007812e+00
5.876779556274414062e+00
1.353216171264648438e+01
9.074926376342773438e+00
8.800983428955078125e+00
5.501031875610351562e+00
5.739212036132812500e+00
4.781961441040039062e+00
1.649260520935058594e+01
9.923934936523437500e+00
1.517605781555175781e+01
1.273393630981445312e+01
1.908397674560546875e+01
7.550001144409179688e+00
4.308700561523437500e+01
1.075005531311035156e+01
8.858919143676757812e+00
3.060293197631835938e+01
5.136728286743164062e+00
2.108192443847656250e+01
2.473282814025878906e+01
4.723930358886718750e+01
6.023883819580078125e+00
2.182006835937500000e+01
1.197576522827148438e+01
5.773067474365234375e+00
5.543231964111328125e+00
7.556915283203125000e+00
1.498603820800781250e+01
4.528760910034179688e+00
4.629850387573242188e+00
2.862596511840820312e+01
2.536797523498535156e+01
7.592916488647460938e+00
1.079201698303222656e+01
1.014089584350585938e+01
1.466679573059082031e+01
1.090908050537109375e+01
1.890563964843750000e+01
1.883864402770996094e+01
7.929801940917968750e+00
1.507711410522460938e+01
3.453111648559570312e+01
6.273031234741210938e+00
1.507496833801269531e+01
3.579902648925781250e+01
1.523494720458984375e+01
1.892018318176269531e+01
1.870107650756835938e+01
2.779793739318847656e+01
1.024985313415527344e+01
1.227092742919921875e+01
1.657605171203613281e+01
2.638006210327148438e+01
7.912874221801757812e+00
1.932406425476074219e+01
1.834082603454589844e+01
1.028704643249511719e+01
2.178406715393066406e+01
9.160041809082031250e+00
5.344867706298828125e+00
6.184101104736328125e+00
9.964942932128906250e+00
1.577711105346679688e+01
9.925127029418945312e+00
9.862899780273437500e+00
1.211690902709960938e+01
1.067709922790527344e+01
1.395893096923828125e+01
1.887607574462890625e+01
2.386093139648437500e+01
1.754879951477050781e+01
9.774208068847656250e+00
7.391929626464843750e+00
1.466584205627441406e+01
2.928900718688964844e+01
2.444005012512207031e+01
1.396298408508300781e+01
1.747083663940429688e+01
1.923799514770507812e+01
1.609778404235839844e+01
9.758949279785156250e+00
2.905130386352539062e+01
1.537823677062988281e+01
8.998870849609375000e+00
1.845383644104003906e+01
9.021043777465820312e+00
6.468772888183593750e+00
1.734089851379394531e+01
3.051185607910156250e+01
2.630567550659179688e+01
5.089569091796875000e+01
2.231597900390625000e+01
1.282095909118652344e+01
9.114265441894531250e+00
7.761240005493164062e+00
5.997896194458007812e+00
9.007215499877929688e+00
9.463071823120117188e+00
1.304817199707031250e+01
1.533484458923339844e+01
1.186370849609375000e+01
1.867175102233886719e+01
8.985280990600585938e+00
2.587223052978515625e+01
2.478790283203125000e+01
1.319694519042968750e+01
3.505992889404296875e+01
1.282882690429687500e+01
9.502172470092773438e+00
6.556916236877441406e+01
9.327173233032226562e+00
9.877920150756835938e+00
5.341768264770507812e+00
2.305793762207031250e+01
6.572008132934570312e+00
2.868914604187011719e+01
1.628398895263671875e+01
1.019120216369628906e+01
7.796287536621093750e+00
1.463198661804199219e+01
3.550100326538085938e+01
3.856682777404785156e+01
1.459693908691406250e+01
8.191108703613281250e+00
3.732109069824218750e+01
1.324701309204101562e+01
2.282214164733886719e+01
9.175062179565429688e+00
1.284503936767578125e+01
2.454686164855957031e+01
2.896308898925781250e+01
1.665210723876953125e+01
4.564690589904785156e+01
2.435708045959472656e+01
6.725025177001953125e+01
4.143881797790527344e+01
1.899123191833496094e+01
1.251101493835449219e+01
1.032710075378417969e+01
4.681110382080078125e+00
1.383614540100097656e+01
5.720853805541992188e+00
9.752035140991210938e+00
6.506919860839843750e+00
1.254391670227050781e+01
1.493287086486816406e+01
8.440017700195312500e+00
1.908087730407714844e+01
7.004737854003906250e+00
2.888607978820800781e+01
1.600313186645507812e+01
7.457971572875976562e+00
2.159214019775390625e+01
6.255149841308593750e+00
9.119987487792968750e+00
1.186895370483398438e+01
6.096839904785156250e+00
1.588702201843261719e+01
2.297616004943847656e+01
1.113605499267578125e+01
5.027770996093750000e+00
6.452798843383789062e+00
3.197884559631347656e+01
8.585929870605468750e+00
1.713776588439941406e+01
6.897926330566406250e+00
1.033806800842285156e+01
1.252102851867675781e+01
1.138687133789062500e+01
2.507591247558593750e+01
1.824998855590820312e+01
6.937980651855468750e+00
6.786823272705078125e+00
1.894092559814453125e+01
9.731054306030273438e+00
2.254486083984375000e+01
4.906010627746582031e+01
2.254605293273925781e+01
2.307891845703125000e+01
6.097793579101562500e+00
1.042413711547851562e+01
1.518893241882324219e+01
1.374578475952148438e+01
1.458311080932617188e+01
1.556372642517089844e+01
1.156497001647949219e+01
5.527019500732421875e+00
1.832389831542968750e+01
2.631282806396484375e+01
5.872249603271484375e+00
7.208824157714843750e+00
1.071500778198242188e+01
1.456594467163085938e+01
6.654024124145507812e+00
1.221394538879394531e+01
9.285211563110351562e+00
8.899211883544921875e+00
1.892113685607910156e+01
5.366086959838867188e+00
8.324146270751953125e+00
2.255487442016601562e+01
1.280307769775390625e+01
7.161140441894531250e+00
3.284025192260742188e+01
3.417611122131347656e+01
6.747007369995117188e+00
2.559518814086914062e+01
1.982069015502929688e+01
1.376104354858398438e+01
3.917694091796875000e+01
8.893013000488281250e+00
6.664991378784179688e+00
1.501798629760742188e+01
1.524615287780761719e+01
6.620168685913085938e+00
2.580499649047851562e+01
2.700281143188476562e+01
9.426426887512207031e+01
2.626895904541015625e+01
3.310608863830566406e+01
2.074408531188964844e+01
1.071596145629882812e+01
2.775382995605468750e+01
1.957607269287109375e+01
9.691953659057617188e+00
9.788990020751953125e+00
1.148700714111328125e+01
1.105117797851562500e+01
1.134586334228515625e+01
4.910230636596679688e+00
9.185075759887695312e+00
7.764816284179687500e+00
2.276301383972167969e+01
1.744794845581054688e+01
1.189589500427246094e+01
2.996301651000976562e+01
2.143096923828125000e+01
4.518747329711914062e+00
1.102519035339355469e+01
1.874017715454101562e+01
1.965999603271484375e+01
6.334066390991210938e+00
1.251983642578125000e+01
1.324272155761718750e+01
1.289081573486328125e+01
7.395029067993164062e+00
1.383185386657714844e+01
6.780147552490234375e+00
7.450103759765625000e+00
1.164197921752929688e+01
6.268978118896484375e+00
1.162883758544921875e+03
2.477693557739257812e+01
1.771497726440429688e+01
2.103114128112792969e+01
2.841782569885253906e+01
1.168012619018554688e+01
2.151608467102050781e+01
1.049494743347167969e+01
2.889013290405273438e+01
1.352322816848754883e+03
9.288282394409179688e+02
1.557922363281250000e+01
1.206896066665649414e+03
6.108863353729248047e+02
1.070570945739746094e+01
6.863832473754882812e+00
6.923913955688476562e+00
5.522966384887695312e+00
1.119494438171386719e+01
5.900144577026367188e+00
7.427692413330078125e+00
3.106403350830078125e+01
2.225828170776367188e+01
9.881973266601562500e+00
8.044004440307617188e+00
1.049613952636718750e+01
7.228136062622070312e+00
8.279800415039062500e+00
7.933855056762695312e+00
5.910158157348632812e+00
2.578115463256835938e+01
5.723237991333007812e+00
3.982686996459960938e+01
1.388335227966308594e+01
1.286360979080200195e+03
5.975008010864257812e+00
5.717992782592773438e+00
6.639957427978515625e+00
6.609916687011718750e+00
7.539033889770507812e+00
1.270794868469238281e+01
1.493597030639648438e+01
1.946592330932617188e+01
1.956224441528320312e+01
1.069998741149902344e+01
1.212638139724731445e+03
1.965808868408203125e+01
1.516846895217895508e+03
1.119685173034667969e+01
8.163928985595703125e+00
9.960174560546875000e+00
2.855896949768066406e+01
9.551286697387695312e+00
1.946902275085449219e+01
9.639978408813476562e+00
1.331090927124023438e+01
2.710199356079101562e+01
5.464076995849609375e+00
7.196187973022460938e+00
9.765148162841796875e+00
1.499485969543457031e+01
7.452964782714843750e+00
1.098704338073730469e+01
1.874279975891113281e+01
3.861308097839355469e+01
2.259397506713867188e+01
1.822900772094726562e+01
1.138901710510253906e+01
1.662278175354003906e+01
1.309664964675903320e+03
2.597212791442871094e+01
1.713514328002929688e+01
5.838871002197265625e+00
7.930755615234375000e+00
6.480097770690917969e+01
2.939200401306152344e+01
2.126526832580566406e+01
8.091926574707031250e+00
2.464365959167480469e+01
1.568007469177246094e+01
1.712608337402343750e+01
1.213693618774414062e+01
2.035999298095703125e+01
2.908897399902343750e+01
1.913976669311523438e+01
8.634090423583984375e+00
1.237511634826660156e+01
1.216041088104248047e+03
1.528529882431030273e+03
7.415056228637695312e+00
7.865905761718750000e+00
1.637506484985351562e+01
1.122140884399414062e+01
1.530790328979492188e+01
1.494598388671875000e+01
1.992917060852050781e+01
4.210424423217773438e+01
1.485371589660644531e+01
1.657485961914062500e+01
1.138877868652343750e+01
2.745199203491210938e+01
6.898164749145507812e+00
1.384115219116210938e+01
1.522803306579589844e+01
1.155519485473632812e+01
3.774499893188476562e+01
2.712512016296386719e+01
1.257872581481933594e+01
8.185148239135742188e+00
1.088309288024902344e+01
1.443910598754882812e+01
2.208399772644042969e+01
1.378583908081054688e+01
1.426410675048828125e+01
5.841970443725585938e+00
2.318477630615234375e+01
1.478505134582519531e+01
9.001970291137695312e+00
1.064491271972656250e+01
1.190972328186035156e+01
4.476404190063476562e+01
7.175922393798828125e+00
1.265382766723632812e+01
1.323390007019042969e+01
3.072834014892578125e+01
5.319595336914062500e+01
1.103425025939941406e+01
2.614116668701171875e+01
1.385998725891113281e+01
1.412200927734375000e+01
5.764961242675781250e+00
2.537083625793457031e+01
1.348590850830078125e+01
4.482030868530273438e+00
1.511311531066894531e+01
1.497125625610351562e+01
6.321191787719726562e+00
5.591154098510742188e+00
1.174850463867187500e+02
2.321696281433105469e+01
2.123544216156005859e+03
1.218528747558593750e+02
1.328897476196289062e+01
3.088688850402832031e+01
2.193403244018554688e+01
7.597994804382324219e+01
3.179883956909179688e+01
8.166408538818359375e+01
1.060551881790161133e+03
1.030392646789550781e+02
5.930900573730468750e+01
3.903102874755859375e+01
3.026008605957031250e+01
1.005737781524658203e+02
7.426738739013671875e+00
9.817123413085937500e+00
1.729202270507812500e+01
6.076169013977050781e+01
1.253700256347656250e+01
1.080781698226928711e+03
2.466797828674316406e+01
1.516875028610229492e+03
4.811417102813720703e+03
1.345970630645751953e+02
2.871489524841308594e+01
8.775949478149414062e+00
8.790016174316406250e+00
3.083705902099609375e+01
8.772134780883789062e+00
1.339626312255859375e+01
5.481958389282226562e+00
1.402497291564941406e+01
1.144695281982421875e+01
5.789279937744140625e+00
1.720380783081054688e+01
1.311731338500976562e+01
4.579997062683105469e+01
1.447892189025878906e+01
1.522684097290039062e+01
6.635904312133789062e+00
5.090713500976562500e+00
2.781295776367187500e+01
6.734132766723632812e+00
1.554298400878906250e+01
5.432128906250000000e+00
7.308721542358398438e+00
1.513791084289550781e+01
1.190495491027832031e+01
2.274203300476074219e+01
1.133298873901367188e+01
1.371812820434570312e+01
5.461931228637695312e+00
8.159875869750976562e+00
1.142787933349609375e+01
1.422286033630371094e+01
1.598787307739257812e+01
1.196885108947753906e+01
9.722709655761718750e+00
1.529121398925781250e+01
1.107192039489746094e+01
2.469611167907714844e+01
2.016019821166992188e+01
3.234004974365234375e+01
1.086497306823730469e+01
8.543014526367187500e+00
1.800704002380371094e+01
1.877284049987792969e+01
2.834701538085937500e+01
5.964493751525878906e+01
3.925688266754150391e+02
1.543498039245605469e+01
2.309298515319824219e+01
8.872032165527343750e+00
2.128410339355468750e+01
2.178406715393066406e+01
1.628112792968750000e+01
3.269600868225097656e+01
1.624679565429687500e+01
9.706974029541015625e+00
4.560232162475585938e+00
2.073502540588378906e+01
2.014994621276855469e+01
7.441759109497070312e+00
1.407458066940307617e+03
1.134800910949707031e+01
1.423788070678710938e+01
7.419824600219726562e+00
1.821327209472656250e+01
1.531410217285156250e+01
2.280783653259277344e+01
1.365590095520019531e+01
1.292109489440917969e+01
8.656978607177734375e+00
5.507230758666992188e+00
2.754187583923339844e+01
2.570819854736328125e+01
7.969856262207031250e+00
1.117730140686035156e+01
8.957862854003906250e+00
2.511596679687500000e+01
2.313303947448730469e+01
1.042294502258300781e+01
9.998083114624023438e+00
2.674889564514160156e+01
1.367998123168945312e+01
9.569883346557617188e+00
7.611989974975585938e+00
1.471090316772460938e+01
4.451036453247070312e+01
5.363583564758300781e+01
2.892112731933593750e+01
1.419496536254882812e+01
2.944684028625488281e+01
2.208995819091796875e+01
4.680490493774414062e+01
5.741834640502929688e+00
1.973199844360351562e+01
1.369118690490722656e+01
6.685018539428710938e+00
1.121950149536132812e+02
3.903698921203613281e+01
4.955387115478515625e+01
7.848620414733886719e+01
7.538795471191406250e+00
7.401943206787109375e+00
1.605391502380371094e+01
3.969097137451171875e+01
8.671998977661132812e+00
1.077294349670410156e+01
2.165102958679199219e+01
6.780147552490234375e+00
1.479506492614746094e+01
5.124497413635253906e+01
6.029129028320312500e+00
1.067590713500976562e+01
4.282593727111816406e+01
7.649183273315429688e+00
5.065917968750000000e+00
5.346775054931640625e+00
2.182412147521972656e+01
1.448607444763183594e+01
3.729510307312011719e+01
7.561922073364257812e+00
1.637578010559082031e+01
9.079933166503906250e+00
5.163908004760742188e+00
6.541967391967773438e+00
9.231090545654296875e+00
2.939867973327636719e+01
5.901813507080078125e+00
7.711887359619140625e+00
8.064031600952148438e+00
1.763796806335449219e+01
1.843190193176269531e+01
8.305788040161132812e+00
5.381822586059570312e+00
6.772994995117187500e+00
1.157975196838378906e+01
4.949808120727539062e+00
8.738994598388671875e+00
5.208969116210937500e+00
1.495003700256347656e+01
1.127910614013671875e+01
5.782127380371093750e+00
2.934575080871582031e+01
1.395678520202636719e+01
2.723097801208496094e+01
8.105993270874023438e+00
6.133794784545898438e+00
2.833628654479980469e+01
3.147602081298828125e+01
6.273388862609863281e+01
1.752400398254394531e+01
5.720138549804687500e+00
7.941961288452148438e+00
2.746200561523437500e+01
2.048277854919433594e+01
9.076118469238281250e+00
3.122925758361816406e+01
1.364088058471679688e+01
1.286792755126953125e+01
2.594780921936035156e+01
1.968870162963867188e+02
2.843849658966064453e+02
1.795195341110229492e+03
4.415900707244873047e+02
4.580903053283691406e+01
3.417086601257324219e+01
2.260780334472656250e+01
5.565476417541503906e+01
2.600097656250000000e+01
1.785302162170410156e+01
8.120822906494140625e+01
1.443505287170410156e+01
1.992702484130859375e+01
1.743912696838378906e+01
8.219003677368164062e+00
1.050400733947753906e+01
1.320409774780273438e+01
2.088809013366699219e+01
8.713006973266601562e+00
5.276918411254882812e+00
1.066920757293701172e+02
3.465008735656738281e+02
1.392793655395507812e+01
1.009488105773925781e+01
1.833391189575195312e+01
7.687997817993164062e+01
2.348017692565917969e+01
2.142906188964843750e+01
1.035904884338378906e+01
9.328126907348632812e+00
2.489614486694335938e+01
1.276087760925292969e+01
1.469707489013671875e+01
8.513689041137695312e+00
1.930117607116699219e+01
2.568507194519042969e+01
8.500337600708007812e+00
1.359009742736816406e+01
1.128292083740234375e+01
8.704900741577148438e+00
2.165985107421875000e+01
7.836818695068359375e+00
4.235696792602539062e+01
8.952856063842773438e+00
8.539915084838867188e+00
1.002597808837890625e+01
8.997917175292968750e+00
6.540060043334960938e+00
1.349306106567382812e+01
2.382683753967285156e+01
4.282498359680175781e+01
5.772805213928222656e+01
1.479887962341308594e+01
7.120990753173828125e+01
2.287602424621582031e+01
2.686429023742675781e+01
2.690196037292480469e+01
2.892804145812988281e+01
1.772975921630859375e+01
1.688814163208007812e+01
1.140522956848144531e+01
1.215291023254394531e+01
6.276845932006835938e+00
1.060914993286132812e+01
1.475286483764648438e+01
6.587028503417968750e+00
1.120996475219726562e+01
1.248574256896972656e+01
2.900481224060058594e+01
1.478557586669921875e+02
3.453993797302246094e+01
1.626205444335937500e+01
4.199290275573730469e+01
3.264904022216796875e+01
2.226209640502929688e+01
7.373094558715820312e+00
1.982402801513671875e+01
1.009106636047363281e+01
7.439279556274414062e+01
3.490686416625976562e+01
2.258610725402832031e+01
2.719688415527343750e+01
7.540416717529296875e+01
1.901483535766601562e+01
1.543769836425781250e+02
3.109622001647949219e+01
1.690156459808349609e+02
2.164750099182128906e+02
2.564411163330078125e+02
5.301938056945800781e+02
6.359910964965820312e+01
7.788181304931640625e+00
1.511001586914062500e+01
8.907079696655273438e+00
5.235695838928222656e+01
1.048707962036132812e+01
1.900196075439453125e+01
3.676915168762207031e+01
3.403496742248535156e+01
2.806711196899414062e+01
1.135838031768798828e+02
6.581783294677734375e+00
5.135273933410644531e+01
1.988506317138671875e+01
2.038621902465820312e+01
8.814477920532226562e+01
3.046512603759765625e+01
2.075743675231933594e+01
6.998062133789062500e+00
1.148390769958496094e+01
1.113796234130859375e+01
9.457111358642578125e+00
5.656409263610839844e+01
3.581213951110839844e+01
6.618189811706542969e+01
9.846925735473632812e+00
1.068282127380371094e+01
1.521182060241699219e+01
7.912874221801757812e+00
8.960962295532226562e+00
2.884602546691894531e+01
1.416277885437011719e+01
1.005077362060546875e+01
1.731085777282714844e+01
1.040291786193847656e+01
8.982896804809570312e+00
2.369689941406250000e+01
3.529500961303710938e+01
2.793812751770019531e+01
3.986787796020507812e+01
1.539015769958496094e+01
6.870031356811523438e+00
1.328992843627929688e+01
9.418010711669921875e+00
5.114793777465820312e+00
2.931094169616699219e+01
2.110004425048828125e+01
1.173281669616699219e+01
1.761102676391601562e+01
2.075171470642089844e+01
5.686044692993164062e+00
3.954482078552246094e+01
3.047919273376464844e+01
1.356315612792968750e+01
1.901912689208984375e+01
1.425099372863769531e+01
8.759975433349609375e+00
8.371829986572265625e+00
2.492380142211914062e+01
1.723599433898925781e+01
8.750200271606445312e+00
1.144497394561767578e+02
1.360583305358886719e+01
3.173708915710449219e+01
2.700901031494140625e+01
1.517295837402343750e+01
1.081585884094238281e+01
5.716991424560546875e+01
1.006793975830078125e+01
1.521778106689453125e+01
8.363008499145507812e+00
2.403306961059570312e+01
7.909059524536132812e+00
1.245212554931640625e+01
9.604930877685546875e+00
5.087614059448242188e+01
1.863098144531250000e+01
1.569390296936035156e+01
5.301952362060546875e+00
8.515119552612304688e+00
2.920079231262207031e+01
1.671123504638671875e+01
9.096145629882812500e+00
4.957914352416992188e+00
1.847696304321289062e+01
7.699966430664062500e+00
7.938861846923828125e+00
2.125477790832519531e+01
6.555795669555664062e+00
8.349802494049072266e+02
1.136183738708496094e+01
1.139051914215087891e+02
3.060603141784667969e+01
1.691293716430664062e+01
3.916478157043457031e+01
1.089310646057128906e+01
6.263256072998046875e+00
2.077722549438476562e+01
3.223705291748046875e+01
1.362085342407226562e+01
2.991485595703125000e+01
4.501819610595703125e+00
5.210161209106445312e+00
8.958101272583007812e+00
7.021188735961914062e+00
1.498198509216308594e+01
1.536011695861816406e+01
6.773948669433593750e+00
2.691388130187988281e+01
1.745486259460449219e+01
1.049709320068359375e+01
8.168935775756835938e+00
1.119923591613769531e+01
1.938581466674804688e+01
3.415179252624511719e+01
1.548385620117187500e+01
9.610176086425781250e+00
1.627111434936523438e+01
6.989955902099609375e+00
9.814023971557617188e+00
2.982187271118164062e+01
1.811194419860839844e+01
6.194829940795898438e+00
1.725792884826660156e+01
1.363587379455566406e+01
2.223610877990722656e+01
1.147849559783935547e+02
1.491689682006835938e+01
1.509976387023925781e+01
2.310991287231445312e+01
8.130812644958496094e+01
7.825398445129394531e+01
2.568387985229492188e+01
1.009702682495117188e+01
1.110846281051635742e+03
4.586005210876464844e+01
1.684617996215820312e+01
2.654910087585449219e+01
2.722525596618652344e+01
8.883953094482421875e+00
1.660513877868652344e+01
5.799603462219238281e+01
1.309299468994140625e+01
4.849886894226074219e+01
9.130001068115234375e+00
1.801490783691406250e+01
1.311397552490234375e+01
1.642131805419921875e+01
7.306098937988281250e+00
2.669000625610351562e+01
1.056003570556640625e+01
1.455402374267578125e+01
5.547046661376953125e+00
9.716033935546875000e+00
2.489972114562988281e+01
2.433109283447265625e+01
9.217739105224609375e+00
5.773019790649414062e+01
9.294986724853515625e+00
1.776885986328125000e+01
1.088690757751464844e+01
1.691389083862304688e+01
1.949310302734375000e+01
1.812291145324707031e+01
2.171182632446289062e+01
2.779626846313476562e+01
2.573513984680175781e+01
1.053094863891601562e+01
1.848387718200683594e+01
1.177597045898437500e+01
1.691699028015136719e+01
1.366090774536132812e+01
1.906085014343261719e+01
1.307773590087890625e+01
7.568836212158203125e+00
1.826715469360351562e+01
6.701946258544921875e+00
1.484513282775878906e+01
8.178949356079101562e+00
1.875090599060058594e+01
7.740974426269531250e+00
9.841203689575195312e+00
1.457786560058593750e+01
1.817274093627929688e+01
1.226806640625000000e+01
8.396148681640625000e+00
6.750822067260742188e+00
2.044105529785156250e+01
7.975101470947265625e+00
1.894187927246093750e+01
9.654998779296875000e+00
4.968881607055664062e+00
3.911781311035156250e+01
9.305000305175781250e+00
1.092815399169921875e+01
1.412892341613769531e+01
1.511979103088378906e+01
2.127695083618164062e+01
1.889991760253906250e+01
3.823208808898925781e+01
3.572208881378173828e+02
1.182270050048828125e+01
9.026050567626953125e+00
8.593320846557617188e+00
9.137868881225585938e+00
1.750493049621582031e+01
5.656003952026367188e+00
5.063772201538085938e+00
7.459878921508789062e+00
1.030421257019042969e+01
6.432056427001953125e+00
1.028108596801757812e+01
1.095294952392578125e+01
7.500171661376953125e+00
9.067773818969726562e+00
1.777100563049316406e+01
7.064104080200195312e+00
1.221776008605957031e+01
1.645016670227050781e+01
6.505966186523437500e+00
9.371042251586914062e+00
2.259922027587890625e+01
1.199984550476074219e+01
8.726835250854492188e+00
3.809404373168945312e+01
1.455712318420410156e+01
2.728796005249023438e+01
9.368181228637695312e+00
2.226519584655761719e+01
7.414817810058593750e+00
6.386041641235351562e+00
1.852917671203613281e+01
4.374480247497558594e+01
2.126979827880859375e+01
4.979133605957031250e+00
8.295917510986328125e+01
7.493734359741210938e+00
3.376412391662597656e+01
1.676797866821289062e+01
1.124095916748046875e+01
1.733207702636718750e+01
1.205706596374511719e+01
2.307200431823730469e+01
2.419209480285644531e+01
7.416796684265136719e+01
1.586318016052246094e+01
1.174902915954589844e+01
1.849603652954101562e+01
1.688599586486816406e+01
1.234602928161621094e+01
6.951093673706054688e+00
8.942127227783203125e+00
1.940202713012695312e+01
1.232695579528808594e+01
2.307081222534179688e+01
2.870583534240722656e+01
8.290052413940429688e+00
8.311748504638671875e+00
1.353311538696289062e+01
4.832983016967773438e+00
1.031589508056640625e+01
1.461505889892578125e+01
1.713800430297851562e+01
1.063299179077148438e+01
9.217023849487304688e+00
6.196022033691406250e+00
9.862184524536132812e+00
2.763795852661132812e+01
1.198792457580566406e+01
3.193187713623046875e+01
1.211190223693847656e+01
8.091926574707031250e+00
9.342908859252929688e+00
1.027989387512207031e+01
1.625585556030273438e+01
2.089905738830566406e+01
2.614307403564453125e+01
1.225709915161132812e+01
4.560017585754394531e+01
8.314132690429687500e+00
2.636003494262695312e+01
1.036477088928222656e+01
1.314401626586914062e+01
1.745772361755371094e+01
2.144479751586914062e+01
2.584433555603027344e+01
1.360607147216796875e+01
1.593613624572753906e+01
1.305603981018066406e+01
6.598949432373046875e+00
1.480698585510253906e+01
1.546311378479003906e+01
8.465051651000976562e+00
9.677886962890625000e+00
8.549928665161132812e+00
2.783489227294921875e+01
1.825404167175292969e+01
6.204128265380859375e+00
9.084939956665039062e+00
1.122713088989257812e+01
9.963989257812500000e+00
1.276707649230957031e+01
1.712393760681152344e+01
1.804494857788085938e+01
1.280689239501953125e+01
8.281707763671875000e+00
1.297426223754882812e+01
4.008078575134277344e+01
1.728916168212890625e+01
7.048130035400390625e+00
9.878873825073242188e+00
3.957176208496093750e+01
3.190779685974121094e+01
1.646304130554199219e+01
2.615189552307128906e+01
1.061415672302246094e+01
2.385473251342773438e+01
1.672410964965820312e+01
3.041911125183105469e+01
2.845215797424316406e+01
2.499175071716308594e+01
8.259057998657226562e+00
7.972002029418945312e+00
2.961087226867675781e+01
3.729510307312011719e+01
8.160829544067382812e+00
1.718282699584960938e+01
1.504588127136230469e+01
1.007008552551269531e+01
1.600933074951171875e+01
1.399002075195312500e+02
1.469492912292480469e+01
8.458852767944335938e+00
5.501985549926757812e+00
1.347079277038574219e+02
8.717060089111328125e+00
7.550954818725585938e+00
8.809089660644531250e+00
5.610942840576171875e+00
1.304709911346435547e+02
5.107879638671875000e+00
8.570909500122070312e+00
6.766080856323242188e+00
1.037430763244628906e+01
1.329228878021240234e+02
1.230502128601074219e+01
5.722045898437500000e+00
6.034851074218750000e+00
2.927899360656738281e+01
1.779770851135253906e+01
1.145792007446289062e+01
4.404568672180175781e+01
9.351015090942382812e+00
1.085209846496582031e+01
6.778955459594726562e+00
6.847858428955078125e+00
7.515907287597656250e+00
1.232099533081054688e+01
6.445884704589843750e+00
8.867263793945312500e+00
6.248950958251953125e+00
1.289105415344238281e+01
1.198101043701171875e+01
1.097989082336425781e+01
2.854728698730468750e+01
8.545875549316406250e+00
1.196193695068359375e+01
8.626937866210937500e+00
6.978034973144531250e+00
5.703210830688476562e+00
1.297307014465332031e+01
2.315402030944824219e+01
2.167510986328125000e+01
3.733110427856445312e+01
9.567975997924804688e+00
2.629184722900390625e+01
6.211209297180175781e+01
9.578943252563476562e+00
1.106715202331542969e+01
7.191181182861328125e+00
1.345515251159667969e+01
3.671312332153320312e+01
3.682708740234375000e+01
1.092195510864257812e+01
2.490210533142089844e+01
4.214501380920410156e+01
7.548809051513671875e+00
6.293058395385742188e+00
2.136397361755371094e+01
1.845216751098632812e+01
1.739907264709472656e+01
6.751060485839843750e+00
1.642799377441406250e+01
7.740974426269531250e+00
2.268385887145996094e+01
9.609222412109375000e+00
2.049589157104492188e+01
9.871006011962890625e+00
1.258301734924316406e+01
5.916118621826171875e+00
7.759094238281250000e+00
5.070924758911132812e+00
1.023006439208984375e+01
1.757097244262695312e+01
1.594686508178710938e+01
6.097078323364257812e+00
9.377002716064453125e+00
2.373504638671875000e+01
5.666017532348632812e+00
9.263038635253906250e+00
1.312708854675292969e+01
1.686596870422363281e+01
1.305127143859863281e+01
5.525112152099609375e+00
1.149797439575195312e+01
1.321911811828613281e+01
7.547140121459960938e+00
1.723003387451171875e+01
1.978015899658203125e+01
7.124900817871093750e+00
8.108139038085937500e+00
1.485180854797363281e+01
1.269292831420898438e+01
9.379863739013671875e+00
1.746606826782226562e+01
1.028394699096679688e+01
1.678540706634521484e+02
8.963108062744140625e+00
2.370810508728027344e+01
1.244330406188964844e+01
1.790881156921386719e+01
5.041837692260742188e+00
1.181006431579589844e+01
1.747798919677734375e+01
1.478075981140136719e+01
7.084846496582031250e+00
7.929801940917968750e+00
7.167100906372070312e+00
7.040977478027343750e+00
7.356882095336914062e+00
9.867906570434570312e+00
1.212787628173828125e+01
1.415548801422119141e+03
3.056440353393554688e+02
1.229311943054199219e+03
1.144759654998779297e+02
7.495164871215820312e+00
6.317853927612304688e+00
9.311914443969726562e+00
1.281309127807617188e+01
2.030706405639648438e+01
1.159977912902832031e+01
8.123159408569335938e+00
2.051496505737304688e+01
1.052093505859375000e+01
1.425623893737792969e+01
2.317214012145996094e+01
1.777100563049316406e+01
1.555895805358886719e+01
2.332711219787597656e+01
1.729321479797363281e+01
3.516912460327148438e+01
1.056790351867675781e+01
7.673025131225585938e+00
6.837844848632812500e+00
2.496600151062011719e+01
1.580905914306640625e+01
1.374387741088867188e+01
1.008009910583496094e+01
3.044319152832031250e+01
9.449958801269531250e+00
1.261901855468750000e+01
7.407665252685546875e+00
1.656579971313476562e+01
7.889270782470703125e+00
7.282018661499023438e+00
1.903390884399414062e+01
6.592988967895507812e+00
1.186895370483398438e+01
4.374027252197265625e+00
8.017778396606445312e+00
1.783227920532226562e+01
2.073717117309570312e+01
4.488587379455566406e+01
1.773309707641601562e+01
1.434707641601562500e+01
1.470494270324707031e+01
2.467298507690429688e+01
1.447820663452148438e+01
1.433587074279785156e+01
2.230310440063476562e+01
2.154111862182617188e+01
7.267785072326660156e+01
6.522178649902343750e+00
1.539301872253417969e+01
1.594686508178710938e+01
2.293300628662109375e+01
2.892899513244628906e+01
4.543399810791015625e+01
1.224517822265625000e+01
6.777286529541015625e+00
2.313399314880371094e+01
8.749961853027343750e+00
1.299500465393066406e+01
4.040002822875976562e+01
1.108813285827636719e+01
1.016497611999511719e+01
8.433103561401367188e+00
1.698088645935058594e+01
1.416587829589843750e+01
1.600575447082519531e+01
2.020788192749023438e+01
1.592111587524414062e+01
1.141095161437988281e+01
3.257203102111816406e+01
3.659415245056152344e+01
1.257205009460449219e+01
1.831293106079101562e+01
4.002022743225097656e+01
7.637023925781250000e+00
2.167391777038574219e+01
1.395702362060546875e+01
1.014399528503417969e+01
2.561688423156738281e+01
1.422190666198730469e+01
1.085186004638671875e+01
4.506182670593261719e+01
8.680820465087890625e+00
3.294491767883300781e+01
1.228284835815429688e+01
1.251697540283203125e+01
2.944803237915039062e+01
1.298213005065917969e+01
8.313894271850585938e+00
7.048845291137695312e+00
2.286720275878906250e+01
1.107096672058105469e+01
4.666090011596679688e+00
2.186703681945800781e+01
1.498413085937500000e+01
1.215171813964843750e+01
2.472186088562011719e+01
6.262063980102539062e+00
1.028394699096679688e+01
1.178717613220214844e+01
1.172304153442382812e+01
1.745581626892089844e+01
6.687879562377929688e+00
9.393215179443359375e+00
9.828090667724609375e+00
1.392316818237304688e+01
4.546642303466796875e+00
4.112601280212402344e+01
2.265596389770507812e+01
1.282191276550292969e+01
5.294799804687500000e+00
1.181006431579589844e+01
1.459407806396484375e+01
7.433891296386718750e+00
7.688999176025390625e+00
1.663112640380859375e+01
1.624608039855957031e+01
7.565021514892578125e+00
1.060795783996582031e+01
7.328987121582031250e+00
1.923680305480957031e+01
1.924300193786621094e+01
9.233713150024414062e+00
3.302979469299316406e+01
4.913806915283203125e+00
8.452892303466796875e+00
1.932406425476074219e+01
6.718873977661132812e+00
1.081609725952148438e+01
4.149127006530761719e+01
7.838964462280273438e+00
2.218317985534667969e+01
5.630970001220703125e+00
5.010676383972167969e+01
7.427930831909179688e+00
1.282310485839843750e+01
1.882886886596679688e+01
1.808190345764160156e+01
6.233215332031250000e+00
6.161308288574218750e+01
5.229949951171875000e+00
1.837587356567382812e+01
5.202054977416992188e+00
1.351594924926757812e+01
1.510810852050781250e+01
1.229786872863769531e+01
7.254838943481445312e+00
1.240897178649902344e+01
7.845878601074218750e+00
1.151680946350097656e+01
1.147913932800292969e+01
1.096439361572265625e+02
7.016897201538085938e+00
1.296899080276489258e+03
3.066010475158691406e+02
1.627111434936523438e+01
1.959896087646484375e+01
1.142597198486328125e+01
1.463294029235839844e+01
2.855396270751953125e+01
3.132319450378417969e+01
2.159476280212402344e+01
2.064824104309082031e+01
1.630520820617675781e+01
5.976486206054687500e+01
3.218412399291992188e+01
3.642082214355468750e+01
4.731893539428710938e+00
5.262851715087890625e+00
2.228522300720214844e+01
5.331039428710937500e+00
1.751613616943359375e+01
6.941080093383789062e+00
6.780862808227539062e+00
2.782487869262695312e+01
1.073312759399414062e+01
1.286888122558593750e+01
4.384994506835937500e+00
6.747961044311523438e+00
1.701688766479492188e+01
2.618503570556640625e+01
8.502006530761718750e+00
5.986928939819335938e+00
2.316284179687500000e+01
1.561970710754394531e+02
1.662588119506835938e+01
3.036561012268066406e+02
1.290392875671386719e+01
1.329371929168701172e+02
2.494406700134277344e+01
3.146886825561523438e+01
8.244991302490234375e+00
1.928496360778808594e+01
1.415300369262695312e+01
8.630037307739257812e+00
4.768180847167968750e+01
1.401090621948242188e+01
1.176190376281738281e+02
6.205916404724121094e+01
1.549100875854492188e+01
1.564383506774902344e+01
2.731108665466308594e+01
1.875877380371093750e+01
5.329298973083496094e+01
1.751399040222167969e+01
6.774616241455078125e+01
1.917099952697753906e+01
3.147912025451660156e+01
2.336001396179199219e+01
1.489779949188232422e+03
6.970715522766113281e+01
1.530913114547729492e+03
1.559640884399414062e+03
3.694224357604980469e+01
1.288080215454101562e+01
3.089690208435058594e+01
4.009413719177246094e+01
4.535603523254394531e+01
3.243899345397949219e+01
1.853489875793457031e+01
1.397876739501953125e+02
4.552006721496582031e+01
1.154899597167968750e+01
2.317595481872558594e+01
3.929376602172851562e+01
1.863908767700195312e+01
7.054805755615234375e+00
5.178689956665039062e+01
1.230168342590332031e+01
6.078958511352539062e+00
1.256704330444335938e+01
2.495384216308593750e+01
1.808619499206542969e+01
5.563020706176757812e+00
1.784205436706542969e+01
5.446720123291015625e+01
5.891084671020507812e+00
1.368284225463867188e+01
2.367520332336425781e+01
9.094953536987304688e+00
2.987718582153320312e+01
